0000000 12084 52831 28156 19560 65025 29914 59579 18437
0000020 56301 52400 19934  7958 52118 20958 50766 61816
0000040 40102 48881 15918 28754 11390 54274 60004 47964
0000060 52518 53271 26882 50247  2231 61750 32076   846
0000100 17145 18888 34463 61053  1569 36213  1409  2305
0000120 24284 38472 50540  1719 39214 26912 58050 58104
0000140 46993 11108 61220 31770 44545  6012  4634 39002
0000160 10538 57750  3900 38075 32775 58405 19177 18195
0000200  7440 43177 31724 40583 23143 26342   577 57639
0000220 46519 20182 51696  1859 20467 48742 26115 37418
0000240  8147 11854 15630 38652 35741  1917 50749 25683
0000260 20649 30735 26518 33662 56836 56059  2541 47656
0000300 22124  8033 47744 45328 59902 54560 60696 14025
0000320 30676 24042 40619  4259 40636 43391 12766  1583
0000340 39617 47756  4937  5479 10413 48385  7943 61705
0000360 55373 44767 51402  7615 26275 36524 37885 41372
0000400 54489 50681 19096 58345
0000410
